200

az 0113 32 3111011011211111511311, 32 38352538131311 13113511311, a 10552-
13913111023511311 35 3 1311613211311 15.“

Ηο85 321, 3 1311113523ὺί kincsekben annyira gazdag 35 131-
1113113115 01523801, 311131511311 113135215383, 115311 1150111011153805 11315-
23111311 511151611111, kik 35 11085311 11011113115022311 ⁴? 385 10111311
1132311, Thomas Drayu 131316 311161351352311311 111111313οω be 3
13111111113115 015356111311.

„A 11313 685335323115 1611311311 politikai part -—— irja Thomas
Drayu„ (La polibique 101111131113 apres les 1101111135 38131135 de
1907. Paris, 1908. 4-5. 1.) —‚ 3 1111313115 35 110112311131311Γ 11311
3 habalmon 1113131113111131 5231131505538831 5201101513 1131131102111,
113111 385 113131020113 programm 31311533, 113113111 38536111 3 1111315
311313131161,3111,11085 1113831, 11138311108131110235311311 113 zavartassa
385 5201111535 3113112311 31131, 31100353153 38511131, 11085 11315313 3115011
3, 1113511111311. Α 1381226111) 35 3, 138311111111135211111153111) 1283135
-- 111311, mind 3 1131 patria 111385201113 131153831111 3 11113151, 113 31161
tart, hogy 11385 3171131 1105523111) 111318 15 32 3Π3112311311 11311 1113-
13111113 -‚ 38352311 1112105 abban, hogy 3 1101111311513 1111131111,
Α11101111311505 3131161 131611311 113111 131131 526 ott, 31101 3 5231323ὺί
508 0531115 3 1138501105311 523111313 van fennbartva. E 11011113115231,
11653111321311311, 3111315 1131611311 111311311311 385 31111 311316 113111132,
11111131 11123153 3 1131111231 161011538313 a politikai 31311161, 385523113,
1111111, 531325613513 5261313311 11138 385 11018311 0521315. A 110Ιί111111-
5011, 11111 3 111131511311 8321138 1113113111131131 3531111311021311, 113111
11311021311 1338111131 15 138501105011113 tenni;“

„A kbzvagyon 11138 113111 33831111316 136ᾶο11 1316 elbulajdoni-
135311311 1131623133 52311116 850153538831 13153111 111 32 38352 01523813.
Α2 31135 113111111311 38352 531383 3135210113 31 32 655235 1111321113-
11531131, 35 32 015238 655235 116218328313531ε 3 113115313831, 32
18325385201831131351, 3 11111115213111111101131, 32 313911133501131, 3
1356131131, a 1162538311 35 3 111385311 116218328313531. Ν385011 1162611-
53835 31111131311, 11111 1185 5011311 316111) 15111313135311, 1111111, 3855231ἥ
16111111113515110131, vag-y 1133111111 1111131011, 2118Ρ16113101011, 3 161·-
11311552311311 138531, 11385 11313111131311311 10813111023511 3311131311,
385 pair 311 11111113 111138 3501135313 1311111131535 5385101111 31111131311113
1311311. Μ111ἃ3111111 131131, 131111 015311 115211153161131, 1111111311 113111 ἱ
volt semmi maganvagyonuk‚ de 111112311311 36655383111313, fffld-
birtokokat 53531011311, 113231131, 3Ρ111311311 35 5261611311 1111311311.
Κ31011311521311, 11111 32 31611111113115311 39113533311 3113ηὸ12353131
11011311 1338111253, (133313 52111165 3115381 111520115311111311 35 50173115
5613113113111111311, 523232131131 3111311 110201113115111133115311111311. Vald-
11311 52383115 11018311113513131131, 11625381 13113350501131,1)311111131;131
1311313113 131111 1611113-1131135113 113521105 111535311135011 35 3 1162538
52331135313 1381311311011 531131110235011 11613111321311311 85015311 11138-
8321138011111. Α 1616311531351 111111152131111111 35 32 31131111 uradalmak,
32311 3 11385 1131112311 13565131131131 3 1111 Ρο11111131 11113111313111111311,
321311 832113811011311 11138 3 113113111531111311, 13521111 32 31131111 1113,-

