32

11611 68 189 61166896101161 11911861· 1616 62 6 82161 1101111101· 6116836
6 1161116186816 .

Ηο89 6 1101161011 6 1161616168611611 1111168611 8611111111616 jog-
1611611611 alama, 861 61161111626611, 62611 62 61611011 11168 1111, 1116-
8961011 1161616111611161111 6 82161011 68 6 1011161101( 61161 01961111689
11116116611611868861 8111861611 0821021106681161 18611 j 6161116116119 terti-
16161161 6 1101161011161, 9116808611 ki 108 11111111 62 616111) 616611611-
d6kb61. ’ ,
Α 11161 Ηο1161-82161011018268 1611611611 6161611611 1019611161] 6
11616111626 11610111 16821061 616111111 ki: a) a mai Szlavdniabffl,
6111619 82616111, 1761666 68 Ρο28686 1116896111161 611; b) 6 haj-
dani‚ vagyis a 11626Ρ11011 8216166161161, 6111619 6 11161 Ζ681613-
Κὸ1ὃ8 68 Varasd 11168961161 10816116 11168611611 68 0) 62 ’18621
1681 Ηο1ν610182681161, 6111619 6161611168 6 11161 Modrus-Lika--
Krbava 11168961161 8 1361111661611611 682611-119118611 1168901111 168261
10816116 11168611611. Ε21 ’6 Ηο1ν6101826801 10816116 61 611961 61611-
868 308611 826111 1168216 68 68610116 Μ689610182681102 Κὸ119968
Κ61111611 11168961 1111619. - . ,

Α 11161 821616111611611, 6262 82616111, Verssce 68> Ρο28686
11168961111611 161ῑ11616 86111 6 11011108161681101, 86111 11686111) 116111 161-
102011 Ηο19610182681102. Τὸ11611611168 68682611 1112011908, 11089
62611 6 161111689611 6 1110116681 968218 (1526-18) 116111 82161611,
11168 116968116 1101961, 116116111 6 1111619161 116216116ηῆ1 1101- β
11161192011 11168961 161111689611 1011611. 11611088686 18, 611611111196 a
vzirosokba 1616Ρ11611 01682 68 11611161 36161669611161, 6 XIV. 826-
26(1 168618 majdnem 111261616808611 118216 11168961 1011. A XV. .
8262611 10196111611 62 181116116ᾶὸ 161611 106686968011 11616111621611611
62 616ᾶ611 11168961 161108868 11689011 1116889611111 68 1161961 6 (161
16161 116116116Ζὸ 826111868 1162ᾶ6116 mindinkaibb elfog1alni. A 1110-
116681 9682 111611 1161161611162611 6861116119611 62 616ἀ611 11168961
161108868 6 Ρη8211116861 11168 89018611116 1611611, 6896669116, 11089
6 XVHJ. 82626ᾶ 6163611 11161 68611 68968 11168961· 119611821861611
111616ᾶ1611 11168, 6 82611) 161108868161 minden oldalr61 116Γί119696.

A 11161 Ηο1ν61-8216νο11018268 11168011111 168261161ιε Ζ68161),
Κ6168 68 Varasd megyeikben 6 11011108161681101 116111 1101161, 11611611]
821096616111 11611868 1611011 68 62 68682 16111161 6111101· 6 N 611161-
birodalomhoz 161102011. 826111 1168216 1082-83-11611 10816116 61
6 11611161611161 68 16108210116 11610111 161111689616, 11168961 11821-
9186161161 6111111611 6 111689611 61616. 8262 61161 11686101) 1211-11611
ΠΙ. 13616 1111619 6 1611116161 Ηο1ν610182681102· 68 1)6111166161102
68610116 68 62 6868261, 1111111 689 11111611 116166886861 111116 11611611
110111161190268616 111216. ΕΖ 689681168 611611616 18 6201111611 6 11610111
9611116896 1116816110116 6 8216161116 6166962681, ,de mivel 62 6896-
81168 616 11161· 116111 161102011 6 11168961 1111619 1162161166 11011116119-
2686 616, id& 10191611 61 18 9611 11621862861681168 Μ68961018268161.

Ηο89 6 1611161111 1162011 616ᾱ611 1161926111168161102011, 61111611
01161 68 616166261 6 1110116681 68616 111611 116Κὸ1611162611 686166119611

