113

13330113311 13, 33311 331 10333 11130117113111,11037 33 id6k 6r6sebb6k‚

· 1111111 1031111317 31110311 3113131,11131·1 113111 131131 1011113 11133131103-

131111 3 10111311 113Ρ1011133311 1311131, 3111317 1313013111.Ρ313111333131-

, 1311 3 1011311311 3331113117311 33 11113 1311 1010113 111331613303311 3

1131113311 3331113, 3111317 3 faJ‘i 10131113331111311 legmagasabb 13111111
33133 33 311131711311 3337311311 1131011311 meg 3 1031113111 11337 333-
1113117311 Μ333373333, 1131110111, 133713133111131 3311111111 33111 3313111 3
11337 3331113117311 1013313330311, 3111317 1111111131 3101311331 31113 031

1313, 3111317 3111113ἓὲι Ξίἓ13131111 33311 11011131703311 1113311011.“

Goya Oktdvicm 3 10111311 1131113311 110111113 33011 03οΡ011331103

131103011, 3111317 3 1113333733331 331111111 31011 33111 3113113 33 11037 ,

33 13113 113111 3011, abban 01033131113333 1011. Ν 3111 1011311 3 1111113-
13311 11010111131 13330111) 0333311011313331. Az 111101111301611 313Ρ3311,
311131731131 3 k6r6kb6l kapotb, 13133331] 1133130311 1011 33331, 11037
33 30161131 11300111 1111301333 1103300011 1311 33 11037 abban min6
1333 Βοω3111311311 3 33313113. Ε37 333113333 10111311-11133731 11133-
3373333 Romania 31Ρ311013331 33 311131113-1103 111331131133113113, 33311 ·
31111311 3 11133337333311311 3 1133710111311- 33Ρ11301611 333Π1Ρο111331161
113111 1011 33311311 1311330111113

Lehetnek 017311011, 311111 331 1110ῃᾶ33111 3 13333373333 113111
3011313111 13113, 111311 1913 -10311 11131· k6s6 1011. Η3 337 par 31131,
1337 1110111131111 311133111131 616bb k6z66m6nyez⁴06 101113 1313111317111
11133731· 1101·1113117,13113301131311 101113.

ΕΙ1311111113 31161, 11037 1848- 161 kezdve 3 1111Ιὸ110030 11133731
11011113117011 1011113301 1311311 11133113131 337 117311 11133337333313 33
1111111113 311131131311111,1113331133ᾶο3131111,11037 33 3 10333373333,113
ia.i ἷῐ13137131· ..31οἷ1113337 13110331133 {k 10111311011 {lta} 1,3133110311 131ἶ13131ἕῖ
1131131,Θ vgffiegez 111331117ῧ11313ῗ31ῗ113111311ῗ61133116ῘΞΙ33Ῡ1313Ῡ31111ΙΞ, 311, affari}
id616ges 11133331111131333 1311 101113,11131·1·, 1111111 (1033 1113. · ,,3 11133731·

μ 33 3 10111311 101311133311 3371033331 111 113111 337311111113101111.

· (1033 3301111311 — 1131133111 33 31131113133 — 6 30101131 3 11133-

’ baboni 111101333 31011 3 13111311 33 33 31333311 1333337001) 13331111-
. 3333 1103393113 1113113 rendes 33 1171130111301) id6kb6n 3311111 33111

1011 33011 3 13131113117311, 11037 33311 3 101311133311 33333311 3 133-

. 13131113 31131113133311.

Ν33713111131 31131 616bb, 1871 -,b6n 33 id6k 30111131 33311113-
331111311 33 nyugodbabbak 1011311. 8311111 33111 301111011 3113,11037
33 03311311- -11133731 monarchia probl6m6ja napirendre 1131111 33
1113313 Slavioi Jdnos a 110131113Ζὸ1131 1113ε ,,Α 10111311011 311131131
,3 1011311313111 33333 1017310311 31131113133311 1011311 a, 1113373101131131.
Α mindennapi 6rd6k6k kbztfik 311117113 31131113133311, 11037 3 111113,-
1111133 131131311311. 1111111311 Μ33731013333011 3 11133731011 33 3
1010311011 3011333111 13 10311311 33711133331 031313330311 31111. Α
10111311011 1131113311 1113313333 1131113311 3373311133. A 1113373101111311

. 13 13331311 a maguk 1ᾱ33133ε 3 11337 33 11313111133 Μ33731013333.

Ez 3 113110 33711133 111311311 13113131311311. Α Κ31Ρ31011 337333113
8

