35

11133011 - 1008111301011011 01101 1150151100 03 0120101011οΠ 32 01032-
3381102 03310101, (10 02 3 111301101 11ηᾶ31001 5311011 3 10100308
11323033 03 ι]“62311 00131333 11050111021011011.

Α2 31111013803 0201· 01 010111 1011011011 11015201 nem
alkothatja 3011110110Ιίῗθιῐζιιεέιί1 ὃῗὲἐιη jogi 011000021101103-

Το851111 fel, hogy 11110032, 31011 3 1011130011, 3 03011011 03 3
320111οΙ1 110νο10103οἰ11 ι]”08101100011 3131133111 111111010011, 0110111011)οη
·3 1011100011 1832338831, 100810101110 3 53163380311ς 3111101 13 10150300

,’ ” ›jogos 03 101110101110 101011 01001010 32 32 0110010103, 11085 Eur6pa
, · 3113111310311 0323201000 0111002011101οῂ0 015311 113131- 03 10101011 01-
‘ Ι 1011002030, 31110150οΙ1 31311531 Eurdpa 0201 &v 010111 0011111131 101-

110Ρο 3111015031) Ez elv 31311530 001003311 01332013238 32311300203
(13131101113,113110111 3111016 10320110 11010130οῙ1 Ε’130013013238 03
Nagybritannia is. Εο11101111311011 1431116113 minden 31131113 03 Eur6pa

¹ · 311310310311 1000320100οη 011100201110101100111 01010103 03320- 1113323338

3113113 110.

Α2 3113111011 501001081 0100150211οᾶ03011011 110111 3231130 03 00111
13 101101 1185011000 1115111 1138501 3 101111 32323003, 301 Μ38531-
013238 0301011011 085 02010503 0011111131, 832033381 03 10050Ιὸ0031
. -fejl6d6snek 01οᾶ100115011. Nem 101101 11108 3 111231613803 001020113081
θ 015 31311530 30111 3201100111 3201131 3 113003013101131, 311101501101 085
“ 11033211 32323ᾶο11011 31 13116 3113101 0850110103 10510321011 111 32
085 3113101130, 085 101100011 03 0011111131 010101 1015131011 3113111-
Ρο1831011 1102011. ΑΖ 3 511131, 3111015 3201110110 32 03211311-11138531
100031011131, 03311 0 mozaikszerfi 31131031311013101 0001113113 3201
3111010 10320110, 3100150011 3 110203 (1103321130 03 32 32231 11311030-
, 13103 31131111 101021000501100 1115111 11133 0332011010 11311033 3118 13
volt, (10 00111 37 0201( 503 1038531 31131001, 3010150011 08503 11ορ011
110203 1011011011 03 0011111131 01203 01533210113 03320 08530803
politikai 0011120110.

Ηο85 32 08511011 100031011131161 11131311016 fij 00012011 3113111011
0111110101 3161 3 1011000131 3131101 00111 101101 1111111201, 321 3 03011οΙ1
01130101111 3111101, 11111101 (3300013238 1101001 1032011011 3 03011
3Π31111102 5316 1311023331 3 1101020113081 015 0110001100 101100011
alapon 11050101111.Μ1111311 3 001020113081 015 011001102111 3 03011-
32101311 3113100311 110νο1011 (1011101011 11313131531, 0 031315003111108-
31139113331 11101000 13, 3201111100 3 10385313 33811311 kedvez6 110102011-
3081 0111νο1,101100011 11313101113 0113111020311, 3111015 0113111023311311

· ’“ 32001130 00111 13 085320103, 11300111 1101320103 1011011011 falsum van.

Egyik 101100011 falsum 32, 31001501 11131· 0 1311111111305 00502010
1032011011 111010131111011 3 3111015 3111161 311, 11085 Szvassopluknak
magyar 00010813133110111011 pannon-morva n6pe 320003 50103 3
mai 10385310132381 161 00111101. Α 1113300111 falsum pedig az,
A 01101113 3 110νο1011 1010101011 5313113 173131001503 0113116161 1311010305,

3*

