84

166861 6161116 43611, 361 6 1161111661 gondoskodni 1611162111, hogy a
66162611368611 k6ziil 11611633686111 63 61611131661616111 3261161 161·-

11168161 16131166611 13 66162163366611 111.

f A nemzetisegi 1161111361611 1636663681 1616316111.

Mihelyt az 613268816163 6681161163 6126113686 6111632116116
6 16116613616316161, 6 661626113681 1161111361611 66161666 Mocsonyi,
Β16661663111 63 Μ1161163 681 6163111 ι1616316161 61611611611 be a .
116111136161162111,12 6111611 1111636216 62 613268 816163 661626113681 11611-
11361616611 6 1161663666 1616 611631681616361.

Μ68161613268 16116661161 61326863 661626161 —- mondJ'a 6 ·
661626113681 1161111361611 t6rv6nyjavaslat6nak 1. §a —- magyar6k‚
1611166611, 32616611, 161611, 111166611 63 6611161611 6816616811 61326863
(11611111161) 661626161111611 1361611616611661, 6111116611 32616616 6 poli-
111161, 66162611 63 nyelvi 681661686368 62 allam 116Ιί111161 63 16111-
1611 68136866611 116161616 1661111 6811611666 61216311161111. Ε 6616--
261611 161666611166611 ι1686 166 6616261136866611 1111136 11116362636111
1161112611 1166611611 611161166161 6 11168161· 1161666 16668616 16611611,
a 11626ρῇ16161166 36361 66612611 2632163611 11116261.

Az egyes 6616261611 11611113616166611 63 61611611 116326616166611
326661162636111 6 1611116368 6116 3261861 61611111ς 62611 6 1611116816-

, 1161, 1616361161 63 1616321161 1161616161161 1181 11611 111116161111661,

hogy 6261111166 62 68163 66162611368611 1611616611 6113261111, 168)Γ
1686161611 13 1616111 1661636861 611163366611. A 161616816111166, 6
,161636111166 63 6 11623686111166 6 3266166166616 16111616116361111
1113616113686116611 13 1668 1632 62 61681111, 1168)1 61611611 1663611111
1111616163 nyelv legyen. E {36rv6nyes 6616261611 16166661116 168166
1668161616 3261111666 116111136116 6 161166166263 161366626666, a
1162116611 116161661666, 6 f6bb 6116368611661 63 6 16116616616-
368611 f6bb 11321368611166. Α 6168161 61611, 6111611 62 613268
1611633686 166636866611 616116, 1111616163 616116 6 161166166263-
6611 63 6 1162116611 1161166616611; de 6 1162116611 110116661261
68163 68626161662 13 16663366 1663 6161166 6666166161161 11116261
63 62 11166 1181611 611 11116618 6 1166111661 6161166 16162163366611
61. Α 1611661662631166 13 62 68163 6616261611 1161111361616611 joguk
166 36161 nyelvfik6n 16132616161. Α2 613268 t6rv6nyei 63 a k6z-
116611 1161166651 1666616161 62 68163 116163686111161 6611163611 1668161·
11161166, 11666111 62 111616 11616368 6161166 13 116261163366611.

Α2 68163 6616368611 6 16136111) 66163686111161 36161 1111616163
6161161166 61161116211616611; 6811663 1162611 1161118 6811663 11116-
16163 6161166. Α 61686663611 6 66163686111162 16162611 beadvzinyaik-
ban sajziss anyanyelviiket 1163266111611611. ‘A 6116368611661 62 1181611
62 186236861 1161636 161 6161166 161621616611 6163 6 168263 13 62611
6 11161166 116261161111 1611111. Η6 62661166 62 18623681161636 161611
nem egy 666126113686611, 6 1618116163 3216166 6 1166111665Γ 6161166
161166111, de 6 1682631 1616666111 161 6 36361 anyanyelve'n kapja

