193

1310 33015030101, 311101511οΙ1 110113111ιί 1103101150 3 Revista Economica.
111033311011110111· 3 031111011 110111130101 Ν38533000110011 131130311033313
8511111011 03330, 31101 111083113ροᾶη311 3 1081103010001 1001111011 pro-
grammjaiban, amelynek ωο8ν3163113331 3 110Ζο990011 1103010308
18501133111 3 1011010308 33011111 013103113111 13. Ε 031111011 1111111οᾶ0-
300011 33 1131153110 330111110111 33 033131011 1185311, de 33011 3
11333011001 085 013011503 33333101101 10111311 11011130113081 110311111νο-

1011031 00101113 ris jutta’cnak. Ε 10111111010011 j6 pffldzival az Albim .

jair e161‚- 3111015 0101111οΠ1 25-—30.000 1101011313 33011011 ι1111131111
110311111νο1οᾶ031 00101113.

A 10111311 Ρο1131111030101111011, 01303010311 pedig az Α101113-11311,
volt egy 11133111 18011 1011103 33010110 13 33 11101101111313 ι10110811 10111311
11011130113089011111131 1010111030110011. 13111010103 (10108, 11085 3 10111311
11011113115 03 3 10111311 [1011111131 11311011, 01303010311 03 1110001311 1
' 1103011 3 110013113 pairh, 101011103 03330811 1111103 Ρο1133080151 3111131-
1311 3 111385310133381 10111311 085113331111311, 13110131111311 031(1011110111-
3 110111301130811011111131 31101011 00153113 13. Az 111, 3111015011 3 1111103
308015011 11385000 10330 110111 011011011311010 m6don Μ3853101333803
3111011, 0 031111011 10111311131 1131011 033301101101030111 1101033111] 10301011
Β111131031001 Ν385330001100. Ηο85 03 1111110111 10110111, 3301110010110011
1111133113153 Bozianu Demeter 3301003303ἃὶ 801. 1101011 10111311 1311110
03010. Βο3131111 1911-0011 ’131101353 333111313 310111311 110301113133-
11851 11113133101101 25000 11010113 1111103 3311ον0ηοί01 11011. Folya-
1110(13330311 331 1113, 11085 113 3 111111133101 0118οᾱ01503111 10853 3
11011 03330801, 1113153 31 3 01111310311 Banca Nationala-hpz‚ 3111015
331311 01 fogja kffldeni 3 1138533000111 Α101113-11311, 3111015101 0
331311 33011101503011 fogja felvenni. Hiva’calosan 111083113Ρ11011 10115,
11085 3301111311 3 Ρο11111131 00101113 333111 1111103 03330801111011 11385000
10330, 3111015011 1911-101 1916 1103οΡ018 0333111103 ι1011011, 10811385000
10330011 1103110111ὅί 3 01111310311 „Banca Carpassiloff 03 3 11385-
33000111 Albina voltak. ⁶*

A 1101113011308011 110113- 03 111101833113111011333 110111 11101011 111
3 031111011, 11110111110301011 03 13113101100113131311 10111000 113313103311
1311101101011 1017011011530800011. Volt 31111311 085 11133111 03 0803330-
803000 383 13 3 01101330101110301011 11111110ἃο300011. Ι833, 11085 03
33 38 30111131 850118000 03 1101103000 3115381 010101 1011110111030, (10
33011 1110813 1011033103311 10510110 03 01030110, 31111 331 0130351133,
11085 3 1113 0111001011 8331133381 1010110353080 Μ38531013338011
11011130113081 1111Ιὸ110308 11011111] §pen 015311 311311315131311111 fejlc'sd-
1101011, 1111111 3 11018311 0331315 03 113Ιο111138 110113- 03 minden
11311511 11133 8331133381 1311311103333.

Η33311110311 3 0110133ον01110301011 033303 3331113 03111033011111
2984. Ε 2984 0110133ον0111030111011 033303 1011050 1.051,745.000
11010113 volt. A 11138531 330101110301011 ’3331113 2574, 03330301]
963‚778.000 korona ffikdvel. A 11011101 01101330101110301011 3331113
271, 033303οη 67,588.000 11010113 1011011οΙ. Α 11138531 03 11011101
’ jellegfi hisselszbvetkezetek 3331113 033011111 2845, 033303011

13

