169

Azon k6v6t616sek 1162111, 6111615611 6 161566561111611 108161-
13611611, 6361113 68561166 685 61166 1611616113 501116 61116161686361011

· ’1111086313 tenni. Az 611611, 6111615111 621, 16666116 61, 11085 6 min-

dennapi 01116163 6136 6685 6V6 alatt 6 66161668561· anyanyelvfi
856116611613 61165116 1668 11611 161111111ζ111 ᾖΞὲξ1138·5ἕ1ἒ1ἷὲἓῃί1ιὲ85Ῑ1062 Ι83011ἓῖ
ἓξὲῗῖἒᾞΖῗῗΖι 6166516161ῗῆ ῗέἒθῂἕὲῃ 61,1 61161116 11616163368ω1ᾔ1632163-

· · 16161313 1685611111 61361631 1611633611 1111111661. Ε 11656161166115 nem

veteffl: 32616013 6 pedag6giai 16h6¹c6s6g6kk61 63 626113 6 8561101161
1185 6161111113,11085 62 611666126313 1615631136 1111. 1661611185616 16111-
(16111111, 61101 fel volt 16116136,11085 6 1661136 6 66113 ι]’61113261611
161161163368861 1856116261315 6161111,6168616861161313 6 168326166561111
6166166656111161.Ε56611661 6118 1611111113 6160 6gy- -k6b 63613, 6166151066
W ezen 6 611666 6 166116 611611 168561161 61361631 16611011611 501116.
Α2 16856663 66110111613631· 61 32616 13615665 61·1;61Π1611611 1616116206

1366111611, kik 6 6616311016 116136563 16111015616615 61568621611, 685 ’
26165123861611 111366 568162065115611513 656113611. Ε 26165123861613011

-- 13611615 11613 65561 11636111) — kiv6nt6k 1668 6 136111116111361 6 ·
· 1668561 nyelvnek 6213 6 101111 1316616161, 6111615613 6 16116115 11161

62 6136 1168561163 1661015616 6117682636 11166 111681165613611. V
A 66161668561· 16611636561511 161611626131 131101611 16611361
62611613 6 13615611561161361161611611 6161611161 1086613611, 166113 6115681
116152611111611 1665686366- ,1651101315 63 1012011503 101118 1656136103 61163611
1118861166368613 13 11121031101316 62011 611611, 6 1611665116 3261661563,-
5685 111111116166116111161 3261111626 66116651161163611 611611, 616615611-
n6k k6zvetetlen (1611131) 116163686111 16326161 1866 85611166 111
5011611 1656 63 6111615611 61166 5611611661 16136111), 68511621 1161636- ·
86111661 nem 18611 1611611611. Μ686 6 n6p 36111 1111611020113 62 61166,
11085 85611661161 62 131101610611 6 1668561 11561561 62 6111118 320116-
3031161 J'obban 6168166111]611,1116113 6 11168561 1156151 16116366611

. 1163211613 1611611213 sem hitto 61,11085 116 8561616116 62 1311016-

ban 1668166111 1668561111, 62261 anyany61v61: 63 66162611368611 meg
fogia 16861161, 1116113 mita, hogy vezeb6i, 611111 6 1668561 115615-
6611 1366116366 015611 6685 1161112611 veszedelemnek 1631611611 16
61613156,11611163611 16681111 1311116611 18611 j6l 1668561111, 11611616 8561-
166116111613 13 1668561 131101611116 1111111111 6 11168561 6561116611 men’06l
alaposabb 1668166616366113. Ε 1615665611 56816116513636 enen 6361113
6 666126113681 611361161368 68563 168561 63 a n6n1z6tis6gi napisaJ't6
izgattak Ρ611ρο111311161 66lz6tb6l.

Appopyi n6v6hez 6bb6l 62 11161061 11168 685 1663111 13110161
gravamen 13 1112611111. A b6r6 F6j61v6ry- s6'16 11855156 110116165
1162011136136311851 161Πὶ321616, 16111663 (1156185 685 1666616161 6110113-
111, 6166156611 61telm6ben 62 6116161 13110161111611 6 11113166 nem 62
111616 1616116261] 68511621 6561566,116116111, 62 1311016 166116365615611,
'uehat magyarul tanitand6.

E rendeleh 1116663616 011111 6 k6vetkez6 1161111166115 3201-
86113. Α2 6116161 63 6856116166 6 1668561 166116365615111 13110161161

