θ’
195

*4600 (16161) 1631661116 163611 6 11611 1666116 61161611οω66γ66611
61161631 6161136111 68 1011686111. Ν63γ826106811 1636161182111681 68
16136111681 166611616101161 6631011611 16316, 11031 62 6116116616821681
1611611616 68 136266 66826016611616 1631611.

Az 6116616111 ,362116111οᾶ66 6136168 1663161102161686 6166116-
ben 1166116611661 1611116 1611181 3626686301161 1666621611 106, 11031
62011 826161611616 1116606 1816611688611 1663 6 1161γ6861010 362ἃ611101168
6136168611. A helyi viszonyoknak megfelel6 3626168631 18616161611
16116821686 611161161066 egy 16],3621168631 826111811016161 68826116668011
6637116616 3621168631 16161161 61111011611 fel. E ,16161166 -6Π6161
1161186366 616611661 24 11311 61611 111116Ρ2681, hogy 11882616116
8261616163011116, 011 362661618611161 6 1161168 362661110668861, 11616-
66866 6 sajss- 68 163116821168861 16631816611688611. Τ611 11666Ρο111066
62 63168 11628636111166 6611168611 6611168 3621168631 616666801161
1611011611, 1166616 6621111611 166101161601161 18 1666621611 68 62261
116Ρ6801610866 116211Ρ61-61161168116 82616111626161161 1616811611611 62611,
11037 620116611 863118636161 6 116211Ρ61 16116611611 611611681111688611. ἃ
1326111166 6 8261611162616111166 6 161101161116 61611 616611661 1616163)7
3400 1118362661 1611616111 103161110216161, 111116611 611 116168616616 6
11163116100111 111161686 61611 166311616616 6 203000 11010661.

Hogy 6 10662- 68 161166616280161 16116161166661631611, 111161-
82616111626161161 68 8261611162611 6166626116116168111611611. 1813-1166
143 16161826161116261 68 ’77 8261611162611 61111162 1661166611. A
1111618261611162616116611 35819 16336 1011, 68826866 2,577.580 110-
1066 61161111 621611688261 68 1‚591.556 1101066 161161611106161161. A
,163011 82616616 68 pedig a 11126161630866 316166168626 6616111616861116
10176811011 11616866611 6882636 116161166 6 1611116 110106616 1113011.
Az 6161611161611 688268 1013611116 1663116261116116 6 2 11111116 11010661.

Hogy 6 1111610166 168261066 66611610616 111166 1118362116 10882-
1118261611 63166611 16826161 6861616 jogiigyletekkel 116 163166 16310-
661161 1111013616616, 16316668 ,103863611 6511131686 16161611 161161616,
6161 abban 611, hogy 6 ι]’6166111626 1111611 1118362661. 1682616 62
6116111 61161 (11362011 6311611611 1361368611 (11]11161116866 6113611 meg
a 8261186368 jogi 16666801161 1131 6 peres, 16161 6 Ρ616611111111
ii 6111066. “

gy, Μ111166 62 62 611616 6 16166611661 663106 1111168 6616866611
1661611102011, 6 11011666)7 6 1611166111 1161611111 661116 18 111161368216116.
1908-1166 Ζ80166 8261111611161 6661821611 111166ᾱ61186361 82611621611
63161616 68611 Α116, -Τ1666866 68 Lipffi vzirmegyesk 82616616. Ε
1111666611863 66168116161 62061066 11610111 61161 11686111), 1911-1166
Zdlyom 1666631616 18 11116136821611611.

Μ111166 6 16116631611 161636 6116161166 16116111) 6111616168 62
61161166168216816, 61161 6 16166161616816, 6 1111666611863 61161636
61868011066 1131616161 6 16631616 16361611 ,1611168616 68 fij 16361611

’ 16861168616 161368216116 ki. A korma'my 6 66116 161661686111) 68826-
361161 1006861011 a 111166ἅ611863, 111616163 6 1162863611 166661116268616.
Α 1611663161 3621168631 6316861616111161 63161611681066 16618611611

13*

