116

Ofels6ge 5131113531 11653113 Mudronnal szemben 32 35311-
83111133 3853131333 38511321 8511133 13, 3111315 1888 01116631· 10-33
1311011 1113336311 11331613 501113 111351 231331101101333311, 33 31531333-
531 3231116311 1131303 311 10332313331 1353213 111, 11333111 fel is 111513.
3 (133331333111 38563211311113131, 11085 311333,1111111 38511321 fel
1185316 31133 1311113011 51238313101.

Ε 1302831133111131 32313633 3 1315163111 1338531338 13 11138-
1311110113 3 13383 5311311326 3113165311. Α 113211313335326 G6m6r

. 53113385316153351131633833311 k6zgyfil6se 5011, 313315 11131· 1888 -11311

.....

Az iskol'ai 11316338011 13 321801366311 13111311 fel az iskolai 161
11533381 63113Ρ26-1161611 33 11οᾶ31311 3853311131311 1113320111 33 311313-
3113333 1123111131 31133. S E l6p6Snek eredm6nye 3 1113320111-32311311111
131131611511338 53231613311 1311013661 5316 111231333, 1311. Ε2 115311 138-
3385066 13323 3331101323811311013116311 1015131113 105366 1333113335311
33 611 3131111011311 11138 Ρ13836311 3 111318 13 13333116 3 3 161 113132311-
3381 if] 11330· 1302831133110311 18311 531331311335 3231351313 5,,31326 Detvcm‘
113511 38533613131. De 1131333311 3 1102301151 3533831111113 13016813161
11311311 ezid6ben 11123131 38533 1301683301131, 11333111 32 3321318033
5139335316- -11113231661 13 31 11311311 1350111331 115311 13513 1123131311311
1131 Ρ3Ρ1165311ᾶ31131.. Ε231111311 3851113,Β,05111311311,Α1331111363 533110-
1011 111 33 011 11336106 3 13533ᾶο1011 13385310132381 161338 1136313633
31381363163311 3385, de 1135331063 113213131131113116 32313Ρ31 53132011.

Α mult 323236 3501053333 35313311 5383 1313 385 161 iro-
dalmi 13113311, 3 Salva Keiroly 111336321 3835133116 31131 1113110131
„Domovy Κ31311631·“ 3111111 11311131 11311311 3385066 111111313531331.
Ε 3313313311 11111636333 ,,Μ1113151 161,11111111531·1 313631“31131”1
3111113 01102011 3, maga 32311531131533311 128316 33 133853185111613131
1315332116 131131133531 11385066 1311113331· ζ,831531 3 11311131· 1113113313
1111311 32 38511321 11316338 1331161 311333161 131138833213113. Ε fel-
11188332133 Κ133632011 3 131103338 13323161 601133503 11131313311311
1311 01102653, 313315 32011633 nem 6111133133 13383511311102333 5011
«1 111336321311 3123131313311,11333111 313111113353 Β311331· 1113361121 3533-
. 83111133 38511321 1311185316 128313333311, 31111311 113111 13 13 11311311
1301313313 13111853161 311333161. 83153 Κ31015 Κ133632161Β6333638513
1161162611,1101 161 1150131131 3131111153, 3 11336661 33311- 161 3853381
13028311331111311 385111 53231613111353 1311.

Kiizdelem a 3333213512111113 allen 32 3803131 evangfflikus‘⁴
3851132 1136313633. ’

Μ31· 13313131131111 arra, 11685 3 Ρ333213511311511 161 11313-
23113381 161·311533311 3 13823503366 33· 1383233531131533366 1131301
32 38. 35. 3851132 1131031311 63111110151311311. Ε1631111111 321 13,11085
3 Ρ3332135 3231131311 161 33312311338113028313131111311 531633803 1113138-
3853 33 1131131311 632133 32 38. 3533831111113 3851132 5011, 3133153311
11323333 33 11138531· 31311131 11321131 613 3 1383385066 31613321133331

 

