28

1112105110116 1116866611, hogy 6 1616666611, 61101 6 6565261 111101161-
maban 526111611 16116611, 6201111611 6161161636 1611655611. Βὸνίᾶ id&
mulva e 526126ᾶ65 16681161656 61611 6 65652611 561686611 111 11611611
1061111116 6 161611 birodalombcss 65 62261 68511111 Csernojevics

1161116111611611 15 6 16686 36-4Ο.ΟΟΟ 6511161116 1686 hiveivel egye·
1611110611.,Ε2, a kbrfilbelfil 180—200.000 fssnyi 526111568 1616116ᾱ611

16 61668161 (16111116116611 6116 'a 1616161616, 6166117611 1168111652-’

ben 16051 15 1611111.

,λ

Ε 5261261165 16681161656 61611 6 65652611561686111511161 hadra ,

11611611 6 161611 61166. Ε21 62 6111611661 Csernojevics 11611161116
6116 1165266116, 1108)1 6 6565261161 6 16611 611066 116161152612611651
6 11616111626 11681 11061161 111686521116556ε 1. 116 6 6565261 83162,
a menekfilt 52611061161 1681 6626161166 115526161611111ς 2. 011 56]·61
161616161166 1111166 elfiljzirdjuk 61611 1681 526106ᾶ5686111 65 520116-
56111 5261161 6111616611; 3. az 61611011, 66111111 6111611 526166116611
16857066 6 1161116111616, 111616168 6 52611) 6831116216 52611]011; 4. 6

1666611611 5261116116611 6 11611161116 11665611 68111621, 11666111 1711681 .

(1161112611) feje is legyen. .
A 6565261 ·621 6 11116115681616161 1691 6681152165 20-66,

, 16161 16681161 1111611, 6 mag-yar 1166661161161161 15 1116116116. Ε2 6·

111161156816161 1611 11656111) minden? 526110 116161616511611 1011656,
111611 Osernojevics 11611161116 1661· 1694-1066 11156116161 1611 6116,
1108)Γ 661166611 62 6 11011111161 1666115686 61611 Μ68γ6101526806
1111166 1611116161 jelffljenek ki.

A Csernojevicscsal ,bevz'mdorolt szerbek II. 36116621 Ferenc
526116ἅ568116166 61611 6 1668161011 61166 1866 nagy 52018616161161
1611611 6 65652611 1161161111611 5 62611 ι16161111611616 6565261161 1705
3661656666 6851 24 11061116 1081611 11616161651166 11611611. Ε116611

16816111) 1106116 62 volt, hogy Lika-Krbava‚ Κ6165, Β610161,“

Ρο25686, 1761666, 82616111, Β665-Βο6108, 05611611, Arad 65 Β61165
161166816111061 5261661116 1111166 1611116161 116511566611 111, 6111611766
11611161116361111611, 16161 1161112611 166611111111611 11011666512616 61611 mint
11616261 611165566611. . ’

, Α 11611 11116115681616161 6 1111166 526111 16111161 11116161656
11611161, 1705 52611161111061 29-66 11115 61111011611 ,6 526111611 1652616.
Ε 111ν61156816ν61 16116116 6 52611161161 0157611 1161126116, 61116151 56111
62 015268 6111011666576161, 56111 116ἀ18 666611 1611611165 1661116161
116111 611011 ὃ5521161181066. Ε 1161111166651 5011 1161161661166 5111161165-

6611 volt 1011656, 62611 Μ6116 Τ616216 1771-11611 11161116 6 „Regu- -

lamentum 111111666 Ν6110615“ 611116 52610611261011 6166151 1161610-
2011611 6116666116, 110857 6 52611) 11616161611 6 11610661 11616568οΚ161,
6 1611111611 116ᾶ18 11018611 iigyeikben 6 16685161 65 161ᾰ651111 11616-
568011161 fiiggjenek 65 hogy 6 11611161116 6 52611061111611 65611 egy-
116215 6616 685152615111161 11018611 iigyeikben 15 1666116. Nyolc
61161 11656111), 1779-1166 6 »1)66-1616110 1686166161111 1Π11161“ 611611
52611611161111616161166 1668 11168056111166 16061116, hogy' 6 526111611
61166 6811, 16161 62 015268 1610111 16110561, 6 11018611 6161161611161

