 

215

rhogy 3 361336113681 16111161611611 6Ιὸ 1338131338, 11081 133831 33
636116863 361336113681 1313311131 3361111163 3 11636161163 1613313611
1311113333, 1163116163 1011 61636111) 36133611 13813110333311 63
3113133081 331111301611 6111101313, 3 1131311331 116361163 13116 11113-
116311011 110113331113111103 033113110331. A 363136113681 61161131368-
116111138101010 63 1361361161163 803110111036 16336 1161118 33131 116111-
36113681 611161161 1111311 13 333311 3 11011111131 1131113311 1161616361
,13110113 1338313 36316 113333033101)3311, 3111611111 3 1113333113131
1316 minden 633361111163631 116111163ᾶὸ11611 1611. A 1313331611 tssbb-

, 36861 3111016 361336113681 1113Ρο1831338 63 jobbm6d1i 11313331338

 

 

33116363 11616116 33131 61161111136863611 11188311131011 803110111033311
1ὃ1)1)36861 3 3 3116Ζὸ116 616 133813133801, 13131 3301131 3 36133611-
3681 11011111111301131 63 1383161131, 3111113611 11011111131 1110813111111131
· 63 381130163 1633611611 3 1681610113Ζὸ1 33611 36111 611116116 11168,
31611 6813113133 116111 616316 1113831 316116, 1385Γ 361336113686
1111311 61310130113311 6331116361111611. Α 1311338131338 6163 1101111-
1131 3311130161 63 impetuozusabb 116111011131111113 16161116361 1310-
labb 31101131( 1611161151 3 33611 1011 1131133116 11616131 63 1313083131
3 3138311331 63 16111161 133103116 11331133111133 3113133081 1631133611
163111311331 311316 11113116311011 1338131· 1101133311131101131.

Id6vel bizonyos 6110161133011 11616111631611 106 3 13031 1311161-
161611 11330311310111133,313611 61101611330113311 0113 33 013338
8331133381 1631611636163 3616363116. Α fejl6d6 3381111313 ma-
gyar 131030111033 13 11168161611116116 33 111311 1333113303313111,
’ 3136113611 1161610611 3 330013111611101113013 63311161 033111131331 61161-
36111611 63 8113116161 1611611. A 361113111611368 1613611636161 3111636-
8331133381 111016131131113 13 6313113113 61016111 63 3013311311 131113331
1163116116 1161616131. Az 38131330013113111113 330310331111131111 3 161116-
861111611 8331133381 63 1313311311111 11611361311 3311116 633163336111
61361131 311311013 63 1131310301133 11611033103011 0611 3118 ἿΛ1313616
1101331103 138131103333· 1011. 031311310331010 63 611361611168 jobban
13683131103011 1011 33 111311 13331133338 330013113111333. Α3 111311
31331133338 1138101110 63163616316 13113111) 111131011 61161136361010 16336 .
33031033 116111 1011 61611611168 1113813133111616311 63 613331131113 31161
3 133161, 3136111163 3311161611, 6 116113616361 1081313 168110331011011-
13111), 3168131611130101131133111) 1011131311 3 11138 633363 11)311 mun-
11333383 116Ζὸ11. 8361161111 1636161 3613 3 1311338131338 611611313686-
3611 138131 11113111 1161311611 111,11336111 3 11138131· 331116338 3303 11313-
labb 61161131 11101613133833311138131 1163111, 311111 3 1338131· 11018311 ,
13133113101111311, 1111131111 331110161113311,1111111 163613683113611 11168-
16161663 elhelyezkedni nem 13111311 Α 111381310133381 3300131-
1161301113οἰ3 63 61611611 63336161616 0110313,11081 3 11138131· 11018311
1313311310111 1381313311 3361361163 36111 3331113 13161330103311313,
11311613 3311330103311313 313131313311 11131161, amelyb6l 3 1133311338
63 3 1161113611 61363 16116363 1113313111.

Α 133813161161163 116031 11111311 63 11310331 11151611 13 181
11611611 1368 3 13381310133381 3300131ᾶ6111011130131 63 33611 1161136

