134

6661166631 161611166616611 1166166611) 166310361166666616 1011 661111-
663. Α 66161 faji egys6gnek‚ 11011111161 66 16616166661 1161666666-
6636611 66 113 103616166666 66 63366166611 neoszlavz‘zmus 1011.

A 660661611611166 1616360611611611 6 66611 11011111166011 66161
16616166661 66 11011111161 1106661161636 1011. A 660661611616116, 631111
6166166311 11611116616366611, Kramare- 6611 166316166616 6661161, 6
116666161161666661 611661611166 666111 361661, 11031 66 63166 66161
16166611 1166611 6166666 11616611663.Μ1116113ν63611 6316616611 66
61611611 16 6316616636. Α6 6316616 66 6311011666 6661166 66161
661116166611 1166611 6 11611616116 631663· 16611611 6 616111161666
63666611 1661161166. Kramarz 6661161 6 660661611611166 66136; 616-
1606611661 66 63166 66161 6611611 11611616116 66 366666631 k6zele-
66661, 1016111116 6311666606 1616 viszonyukban, a 6661166663, 631611-
16663 66 16611611663 661601116111166 61161 16661 61611106616.

86611616 6 66066161161666 61161 6163361611 113 1161111166 66

06611611-6163161· monarchia 66161 66116116 161· 66 6116616166 fel-
adata, 16611 66 Α66611166 111161 16116 66161011 16116116661 1663 16666611
6163161116, 116 161111 1033611, 11031 66 06611611- 661610116611 6 mon-
61611166 1061111 166 annyi 61631111 66 11616116611,11031 11163 11163611 6116- ⁴
66110661 661, hogy Α6661116 1016111016 16 111661616306611 661661 ’
11011111161 116166666 66 066 1666611 1161111, 11033· 116666161366 16116-
6611 1111616666611 6116 66 egyediil helyes 1113616, 1661166 6 11110661·
mai: 6111016 minden 6611 66661616 111610611116136 6 66166611 66
3666116631 163166666611 16116161611 66 116 6666111161 6 Β61116606 631· ¹
1011666 3616661616 1116361611661 1666611 minden 011 16116 6616661161
6661111166.Α11111 Ausztria 36166163 6 Β61116606 66361 1116166611 66
1161661166616166611 6166116166 1666,1111636061161166 66611 6161166611666
6 nagy 661661 11011111166611.

Α 660661611611166 61661161166 Ρ1636116 66161 1106316666661
11111611 66666. Erre 6 11063166666616 6 16631610166631 161011 nem
11111ᾶό11611 116111166161161, 11611616 6 1663611 6116611061361 11661166
1166611611 6 110631666666 6166116636161. Ε1·1·61 Kramarz megnyiw
Ὶ0666666166 11616111666 166606 616161166611 1663; „Mindenekeffitt
sz6lanunk 11611 66011161, 611111 1366611 111 611611611 16661. A 11666111
1663161 1661161616116611, 6 161 1613616116611 66 616661161 6661116116611
66611 66 63666 66161663 1116163 6616616161 66 661166 1666161161
1111163611.“

Α 16631610166631 161011 nem 1611611 16661 6 1116361 66066161
1106316666116011, 66 66661 nagyobb 11161616 66166601116601161 1611-
6661611 6 1106316666661 1161616 3616166116 66611 66166611 1116111166
611161166161. Ε 661666011166011 161666306 16111616 166611666166161
1011611 6 66611-161 66166611 6316636611. Egy ssyen alkalommal
mqndo'cta J erhabelc dr. 66611 161101666131111661 11611116616 6 1610116611;
„Uj 66161 110166611 1166661166 61166111 111161011161661011 11163 fog
szfinni! Boldogabb 36161611 1661061116. 166 !“ Ez 6110661101616616
dr. Markovies 6 161011 66161166 131 161666011τ ,,86161 1616611611
nem 666166 ki! A 66611611 663116636161 11316 1611116361111“

