15¹

1112011111311 3 11131 10111311 111311. Az 0332311330111110 1130131111 1113113-
323111311 3113131103311 31108311011 131111333, hogy 3 10111311 111311
113111 1331οᾶ1131311, 111011311 33 13111311 31323113ᾱ13, 3 1011111 1130131111
111311311101. A 111311101131131 131111311333 32311111 32 id& 3111311-
11311 3 romain nyelv kifej16d6tt‚ 0332333111 3 1011111 1130131111
111311 kifej16d6s6nek idejelvel, 131131 ’3 Κ1. 11. IV. 32323ᾶ101 3
X. 3231231118 13113110 1ᾶο3231113, 11111101 3 1011131311 (133131 11131-
111311311 11131 138311 1383 1011. Η3 3 10111311 111311 1333130311 11111011,
a. 1011111 1130131111 111311311101 131133311 31323113ᾶ13 1311011011 101113 ki,
2. 38332311 11133 111311 1311 101113, 1111111 3 11131 10111311 33 3 1011111
. 4130131111 111311311101 131133311 1111101111020 13.

Ε231131 1311111131113 1313, 113111 1131132 1113833101111 321 3 13111-

13131, 3111311311 3 10111311 111311 3 ι1312311 ’1ἃο3231111311 1131311132311 33
” kifejlc'idbt‘o. Α’Β3111311-13132183111311 32 Αᾶ1131-1311831 fel& 330 11ᾶ3113
’ 1011, 1101 3 11311133 1131131 1113113111131, 311311ᾶο 0332310883311311
1113111111 38332311 3 VIII. 323231118. Α2011 3 13111131311, 31101 Nyugab
33 Κ3131 101113111211111331 110203 1311131111833 11310113 31, 3813113201]
μ 1311101133 113131311311 131113 32 113113 1101111 10831112011 nyelvindi-
viduumokat 3 13813, 1101 3 10111311 11131111311 381111 383, 3 111333-
ᾶό11131 10111311 1113 13 111381311.
, s Ha 3 11131 Erdeilyben„ 3 11381311 1102011 33 32011 321111 101-
813111311 11313232 31311 31, 3 11138131011 1131013131318, 3 ΙΧ. 3232311
{5335 §ggessgglffiffigzfflgk'2130&ssan2333-8623113333535
3131111 3 1131323133311101311 3 111383 111311311 11313213 101113 31. Ε1-
(1311 1113 1313 101113, 1383131111 32011011 3 1111311311311, 31101 11381
10111133811311 10111311 131103338 31, 131111 313113111 10111311 113111131311-
· 1131. Ε2311 32 38332 1310131311 3201111311 3· 32131 113111131311 &pen
ol'yan tlilnyom6an 1113111οᾶ011, 1111111 3813111111. 11113803 131131, 11081
3 1310131311 031311033383 3 1338131011 11310131313 31011 113111 10111311,
113113111 32131 1011. - .

‘ Ε231131 3 nyelvi bizonyit6kokat 1311108311311 3 1131338113
113111 101111310 1011311311 31131011 13. A ’11131 10111311338 1011311311
31313 3 Β3111311011 1132ᾶὸἀὸ11. Α 1381 10111311 10113113111311 13811313-
2313331011 333111311131 3 Β3111311-131321831311 2331011311 13. Ε11113113233
13 1011111 3103201, 3 Β3111311011 3 X. 32323ε111311 1011311111. Ε1301211311
Kedrenos 80108 101131131116 31111111 11138 01131 32231 32 3331131
113933013103311, 11081 Τενῑφηφῖεσῖιθε 80108 3333231 1131313 111311 3
bulgar 1323ι133 381111 1323131 3 Κ331ό113 33 3 Ρ133Ρ3-1ό 1102011
1310 111011 11011111 Άεόὂονῐό 01311011 11138011311. Α2 38111013 11123111111
10113113111611 1111113111οἸ 1181 ismerjfik 11138 3 11131 10111311011 03311,
1111111 Ρ3321ο111οᾱ3 1101113ἀ 113Ρ-3Ι3Π131, 3111311 juhnyajaival 113-
113131180133 32 38332 Β31113111. ,,Α21 1131111 1313111 32 01311011101
— irja egy Kekaumenos nevfl 80108 116 1071-11311 —— hol 131111311
111031 1313338311311 33 3301ι1311ο119 — 321 felelik: Β111831·1311311
1138573111, 111311 3201133311, hogy 3301ε13111 33 1132Π3Ρ3111 3111111310]
3231113111113118 3 1113833 1138131133 131162110ᾶῂ311311.“

