'77

3 1338131011 11131133 3131111. Mindon ’113113311133 1111131111333 1383111
1311311· 3311 1131111, hogy: ‚

⁸ 1. A 11611 3311, mint ὃ113113 3 Magyarorszzigto'l 33111131 1331113-

131-,1133 3313 sugg& korona'tarbomainy 1131636333 1338313111113333311

33 3 13113163381133 11311331] 131111311138 13 1113111361 113133131010 111-

113131111111333311.

2. Α 1011133 11311 13 311313331333311 Μ38131013338131 3
Α113311113 ffibbi 101333331131, 3 romain 1131113311 113131030113 111131313131,
38133111333311 381 1111Ιὸ11 1101033113ήο31331113.·

3. Az elvben kimondoffl: 333111 13](13338 1113111361 el6bb
{zelffleffleg 13 111331611333311 33 3 11311333 1111311338831 1316 3303
ὃ333311611131133 131111113111333131, 13311311 3 11011311 013338813133 3
13]“(13338 113Ρ11331613311 38131311333131 11131031101311, 3 1101033113ήο-
13331011 3013113 131131333311.

j Α 13381310133381 33133311338311 33 33 3113301111] 03311311
11131013.

Az 1848s49-iki magyar 333113ᾶ33811313 8101333 10113116
3333133131 131131311131133 1131111311, hog-y a 113331 33313311338311 3 113031
110131331161 3 11313131313 11138 ,33311 13133311 13 1131111333311311.

Α 11138031 138113113131131 111133 fij helyzeb 31101513 316. A
(113(1311113333 leth 1131131013, 311383313 3 13381310111131 3331111133 3
11033311 33 3 1338101133 13133 1333113331, 1103331080111] 3 101101131013
331333311333331133. A 1331011131 311101313311061 11313 leth semmi. Α3
3113301311,11131110(133 33 3 333131331133 1011 33 fij rendszer ketffis
ι13133313, 13311 nem 13111311- 3311111111313 38133308333801, 03311 116Ζό3
330183338011. Α3 fij rendszer 113111 3 33313311338311 politikai 11ὃ13- ·
13133313311 111313811333311 1311011113 33311131 effla, 1133331 3 11313331113381
1011311 33 1111113113133311311 03311083101511 3311111. Α3 fij rendszer 33031133
3 33133311338311 ὃ33333338313 11381 3331311331 11030111. Α31; 3 330183-
1311015,’·33131)’31;, 3 1338131011 31133 1131130113, 3 (113333111311311 13111311.
1138103 10333111 33 1131311133111 13111311 313813131313313. A 333133113381
311313113383311 33031133 33 fij rendszer 133833831113,11081 33 1848
316111 megindstoizt 3331131311311 11ὃ313131111ὃ111133333311 33111111 11311313113
1111331333113333311 3133113331133. Ε33113 3 333111, 101333 33 13611 1133133131- ,
338-Ρο111111131 13331611 33 3103301311 11131013 313111 33111111 3111313303
3331611333 31133313 13 3813111138 j61 31331311 1338311311, 13111311, 11081
3 113031 1101111331, 1111Ιὸ111133 11331333111113 3 11313316 1101· 3331131331ὅ1
13, 11311313113 13133 nem 3113113110333 333133113381111 1338331131ᾶί-
13331, 1133ω3833311 116313311111ὃὰ1311 3 1101133313311 minden 11311111
311016331133. Α 1133031011 1110111333 3131311 38131131, 11313 13 311311311,
mint gondoskodni 331333133381 131101311131, 1101131131 33 {zudomzinyos
int6zetekr6L hogy 331333111338611 3 visszanyert 113113 110133311311311
1311316138 133831ὅ3ὃᾶῇ311 χ33 31383613113111311.

Hogy 33 3113301311 110133311 313111 3 3313333338311 311313113383

