110

33161131 11033381301611311 61313, amelyben 1101113313 13381113313111311
1131333131 111331133311 133813163113331. Erre az alkalomra, a 1013311
116313131331111 311161331138 3161133311331 33311 11311, 1108)Γ 33 311161331
316113333131 33113111 3131113111 3301831103 3138113133 13111333111133811311.

A 10133311631313133111 13013113 316113331133311311 3 13331131313,
mint 138311131133331010 333113331, 3 11183 (3311331313 1311311103011. A .
Liga 1909. 311 11638111133311 · 3 1163110311 11013113 3 116131113Ζὸ
11313103311 1313313101 131133313113 3110831133 138311 3 1163813133
313 : „A Liga 0311331313 nem helyesli 3313 3, 1111111011111131, amelyik
1113316138 33311 331 3 1131311331 1313083133, amelyik 1011133 13111-
13131 1311313, 11111011310311, 3 101333 11311313 3131013333131 11133113131
1333 4,ΟΟΟ.ΟΟΟ 101333 131111138 1316 1338331313131133313. Uj 11ίὶ1-
11011111131 113111 313111313111313331 1111331311. Ε3 :ij 113111011111131 113111,
kiindulva a 10111311 faj egyse'genek 1333131061 33 minden 13111313111311
,1316 311131111636333831061, 1313131111 3 1013311 3113133311 333111161
10811131138 11613111336 1111313331161, 116331311331 113133 113111331313318311
330111333ἁ31131, amelyekeb ugyanez a 1381, 1313133310113113 ι13113811,
3 11611113313 33 3 33313311 161311133311 313103133313 133133311οά6
3381113131οω fenyegefi 33 11310311 meg. Keresi a 1163313ᾶ331 333113,
hogy 103111331313318311 33011133311311 megnyeljje 33 1108)7 3101133 3
33331 33133311 111331011 1338131631133313 33018316 'egyesfflesben
30133313, 3 11311313 33 3 33311311338 3 1381 11313133161131 1113113113
33 61 1338111316 1161116 helyet elfoglalhassa.“

- A Liga Culturala, egyhangfilag 31108311133 3 11313103311
ι1313313101, 1313113131 3113 33 11113, amely 61 3 1113811311013 11113613-
333311 kezdete 613 3131111 316131 13113 3 1338131338 3Π311 1316 1381311-
1313331010 1131001113 1383133011 11633111101111 333113331313. ΕΖ 111611031161

11331113, 1311313113333 1311 3 13381310133381 1013311338 33 3 1338131011 ,
· 1163611 minden megegyezeS, 111311 3 11183 33 Ν3 1131313686113 3116

1011133131 1110313113 11311 bele 131113 133111 3 13381310133381 10111311
31131311338 131113113 31111311 3133331, amit J 0183 1911-11311 13131111
(13 1111111131 13310113111311 1338351116 3163ᾶ33311311 11613111336, 3313131-
131 fejezi ki: „A· Liga Culturala nem feledkezett meg 3 13-
1833011 101333011161 sem. Ε1611333111 3 131311 33 1311101 33 11138133, ,
3111101 1133331311 33 1131131 3131183111 3 113113313811311. Mikor 3
113111331133 11313103113131 108 3 101333 311313, 3111101 11310331 31
1081311 131131 3 1131311. Α1318 33 meg nem 1611311111, ’3111118 33
31131311311 11311831313 11311.“

’ Α3 1912s13. 311 Β3111311-113110111 1131333 3 magyarorszaigi
1011133338 nemzeti 33 politikai 3311113016113.

Romania 1333131313 3 Β3111311-11311011111311 33 (1111103133131
3111313, 3133151313 3 11311313311 1131131133 311 31, 3313133311 rendkivffl
13383613113 3 1011133338 1131113311 6113133131, 11333111 31131330333 13
13113 3 116313131333111311 331 3 133885163611331, hogy 130313 3 301

13113161 33 38133133311 03311311-1338131 problema 133801ἅ33313 is, ⁴ '2

