26

626261111611, 1111111 6 111061 11162611 61161011 1112011511ᾐ611, az 06211611
1161301161 1101111611526111611 is, A 10111611668 61161 6 11616161 11621116,
11085 161161 11168561 1611116 10616116, 16Ρ162611161166 1011 6> 1161116111

6111111661 1611086611611 66 116116166611. Ν685 1111211616111116, 6011 161611- ’

6686116 11611111 a 11168561 1101111611526111611 66 116218628616611611, mig
bele 1111116 11166216111 6 1161116111 61611161 6 11168561 6116111 11511861-
61116Ρ61 jogi 66 1616611611111 1611656106. ΕΖ1 a 115616, 261101611611
66 110111611 1163161116 1161161 11611611 6 11168561 11018611 110101611526111611
6 11018611 11616166668611 66 16111611 Pontos ’celjessteis6re birni 6 11085
62 6 16161161 nem 1011 16161111 11685011 1161111511 66 11085 16816·
11651666 66111 11161161611 11685011 61111611, 661 8576111611 1161156261·ἰῶ
6621162611 61116111162666 116111111, 80111101116131111. ’

Α szerbek 11616161666116ἱ1 1111106 661111111 ,1081611611611
a apJa.

Teljesen bizonyos 1611611611 1862668, 11085 11111101 6 1116856101(
11161 11626561161 611081611611, 61111611 16111161611 116111 1011611 626111611.
A 626110611 61010611 62 111611611 6 62611) Μο1616, 11061, Lim 66 Ζ616
161856111611 16111611, 161161 6168 1116662116 11611616 Μ68561016268161.
Α 626111611 1066211618666 Μ68561016668116 06611 62 1110166 Α1Ρ611-11621
1111615011 11163610611 11111111.11168. Α2 Α1ρ611-1162 ’111116116 111611, 6 XIV .-
66 XV. 6262666611 6 1361611611 1161116111 161108161666 11616111621611611
6 62611161111611 Μ68561016268 fel& 1616 161111011666 &pen 1185,
1111111 6 1016666686, 68516 10110201161110 1662. Az 0111616166611 11111111-
16111616 1681681101) 62611) 1616116166 Μ68561016268011 6 116161611 1011,

11661611611111 62 Α1-Β11116 1116111611. ⁷

“ Ι16Ζ6161166 Ι611611 626110 fejedelem 1406-ban 66616166861
1161611 Ζ61811101111 11168561 1111611561, 6111615 611161011111161 Μ68561·
016268 1616161611 685116116115 16161 11611011 62611, 11085 621111668
6661611 1685611 11016 1116116111111116 6 161611 6161. Ε ’111611611611116156-
1161 11161 1439-10611 1861151106 16116 66 1161118 6168 11685 11161161111611

. Β16111101106 (156185 62611) fejedelem. Mikor 1459-ben Szerbia

6 161611 62611611 1162616 11611111, Β16111101166 11161161 6 1611111 6
62611) 16111611 685 16626, 6 11168011 61111161611616851111621111611

Μ68561016268106 1116116111111611. 1481-11611 Κ1111261 Ρ6111611 1166261616 .

1161161161 1111111685 50.ΟΟΟ 626111 1116116111111 6 1611511611 6161 Μ68561-
016268 16111161616. ’ >

Hogy 6 16111661 116116686611, 6 11161 Β666-Βο11108 161111685611611 ’

(Β666116) 66 6 8Ζ61611166811611, 611611111116 6 1111611611 1162011516806
8561· 11611666686161, 6168668116 hely 1685611 6 1161611ᾶο116 626111668
626111616, 61161 ,11611166611 62 68516 gyakrabban 161116116116 161611
1166166611 80111106110111611, hanam maguk 6 6261116111 16, 6111110611 111611-
116111, 1111111 6 1611511611 626161668666111611, 18611 ι]”6161116116115’ 6261616111
1011 6 1661611665616101111611. Ε 1611161161156161011 60161 61116111) 11168-
6261111660111161 62 1389-1402. 61611 11626 66611166261111611162651011
1161101611 11511011611 11168, 11161561111611 61616116111161685661111626111611 “

