 

221

111616168 01032013268161. [185611115611 1111101161 1166861611 6 32611)
3616 13. , “
J A 111685161- 116111261 1132166611 volt 62261, 11085 686321616108
110611616 1101161111 ebben a 11116163 1163261066 1656 116110166611. Ε161-
11616111616 1632 62, 11161511611 1111163 11163 5616321636, 1111111 8562111
5685 111681161111. Η611611 1611 501116 6111116861102 63 62616563 111111156-
hoz, ha minden ereijt meg 116111 1632116116 501116 6 8562616111

’ 616611611611. 11611163 611161610263361 63 110111015 61326111368861 108011

1685151611 6161611611 63 161111111616ᾶ63611611 616611611611, (16 egyszersmind
s'ziv6ben 1116151 611163616ᾶ63361 63 1862 16566101111116113 61111611, 110851
ebben a 1161101611611 Ν611161013268861 1161611 3265613686 1165611162-
1611611 015611 116111261611 611611 1161110161161116 1685561611, 61111161 30116
36111 1611011 611663686111611. Ε85611611 6116113686 61110611 6 1161610611
62 01032 6611211163, 6 116113216512111113 62 6116361656 Ρ6111086]6 volt.
ΕΖ 6116113686 611611 11616011 61326111611 63 6 56836 11116116318 5616
611161610263361. > 1 <

⁴ A 11168561 1611611616111 61 116111 1686611616 1611561 136326111611
61161 62 18621 66161368161, 6111611561 6 11168561368 62 01632 116111-
261 116111 51361161611. Az 01632 685368 11616111163 69616166611 ‘quadar-

, 1165611 11636863611-11101111011 11168561 561 13 36811611 6332616863216111.

 

Garibaldi 61111611 11165611 6 11168561· 116111261 63211161151 11636 13 5011.
Α (1611116161-11616 62 ΑΡΡ611111111-161321861611 6118116 26118611 161116-
sebben 63 16101) 61263161 61116156, 1111111 6 1132611161111 11685 3111368011
5685 6 32611615 11616611 561856111611. .

Ν6111 5011 015611 11168561 1616, 6111 6 francia nemzetben 62 ’

611110611 616116161163 63 6 116113261166368 116160361116 16116 501116.
A 11168561 13110161111611 16111636663361 63 6 francia nemzeb 116111
68516 fokoz6d6 rajongzissal 116118611611 6 1611111611, 11111101 6 161161
61161 62 611161116 60161616161 10632611, 6111615 6 11168561 63 6 fran-
616 116111261 1162611 6 1110116631 51632161 11626516 68632611Ι 6 1681110136
11161118 161111611011 abban 6 11033263 111121161611111611, 611161561 116111
685 11102261161610611 6 1161 116111261 685111163611 1015161011 6 Habs-
burg 6363261011 511681161611111 16161156361 611611. XIV. Lajosnak 63
’ ΙΠ. Ν6Ρο1601111611, 36116621 11616116 63 Κο3311111 Lajos 6 1161
1161110865611611 61611361 6 116163 611116116261 11611163 612636 611216
11168 6 11168561368 16111610611. Α 111031 162651011 5116811610016 11161·-
ges 8516161616 36111 volt 6168 6163 6116, 11085 6261161 62 6126361161
01111611 111326111136. ,

Vfigfil, 111 611111161116 621, 110851 6 1668561368 61161136861
161011 62 611801 11611126110611 Ξ) Abban 6 11611126110611, 1116156611 6
11168561 Ρ1016316113368 6663163156161 63 11611163321511 161608616561
1311161116 32626ᾱο11011 61 16116 61116 1161162 11112661111611611, 11161561
6 Ρ1016316113 vallas ’16111111161611636611 63 326116ε13686611 101516-
1011 6 Habsburgok 11685 116101161 63 61161111 116161111616 16111632-
·110116 11611101111113 16611616 611611. Α 11168561 11611126111611 111132116-
ῗέἓξθΐὲοῗῗιωῗέ ἶᾶἷὲἶὲῗηὲἕὲῑ ἓὲᾱᾱέθῗὲὲοἰζξῇιὲἷῖῗ ss’ssssffi

