19

11681011 1611636111116, 116116111 62 011011 1111161116 Ν68γ-01611013268-
1161 13 3261603611 1611ᾶο1011611 be, 111611 11116 16136111, 11081 62
’03211611011 161111 3111103 6(1611611161 611611111611 163 6 1011015011 13
11666111611611. Ε 11013261111611 6111611116 1011 6 1616161611161 6 1161611-
>ᾶο1163 6 hajdani 16111631 11611368 1616161616.

17387ban 6 1561611611 1161611611 13611668161013268116. Velfik
egyfitt nagyszeimti 10111611368 13 ,1611 116 1611163 63 1163211163 168611.
Ε 1111321116 16616861161 6 03632611 11611611 32611611611 1181611 63
301161 13 11332611618611611 1161611111,· (16 1168116321111 62 6111611116 63
1606361611 11626 111611611611, 61101 1611161161111611116 1616111611 63326.
- Ε 16111611611ᾶ611 168361 1162111 6 116116 116111661116161 11681011 3011611
1160361616361111 616116 661611 1116861161 63 letelepedtek a 8626611611

’. 161ᾶ61116. Τ61111 0111161, 1611668161 168263, 11611116161103110113681 1611-

(16161 3111. tanuskodik 61161, 11081 ilyen 1161111611 1626161, 11611-
(1631111 168361161 6811111 1116816111161 11516116, 1161163 161111116161611
8576116111 1616Ρ6<11611 11168 Κ16336326161157, Το1011161 63 Τ611163 161-
1668161110611. Μ6811611611611 1738-11611 6 1161816111 116116, 6 161611
16111111616368 616 11332611611111 Κ13-016110132681161 32611103611 1616Ρ6ᾱ1611
61 6 hajdani 16111631 11611368116.

1765-11611 egyszerre 227 3 621 1116861626611 535 01611 0361611
-menekfilt 016110132681161 6 1011 16111631 11611368 1616161616. Μ11101
6 16111631611 1616Ρ116-1112011368 61161 62011 110226611633611611 jelen-
1631 Β663116, hogy 11168 11116163 1611 161111 0361161 1161611601163616

, “ 13, 01111611 621 62 1116311631 1161116, hogy 6 1161611110116316 6361111611

ι1616111-,11626 01611 63616ἅο1161 181611622611 161163261111 1616111116 32611-
(16111111161. 861 11616 Ρ61111161 1101161 11616161 13 616311011611, hogy
6116311136 6 1101161 Μ6116 Τ616216 62011 611611636161, hogy az 61-
113611161611611 23610163011 1111611 11011161611116 1611 0161101161 16810111)
1632 361611116111 01103163611611 1861616 111611611 1133261111111.

Ε 16161626361 63 111162116663611 3611111111 sem 1163211611611,
111611 6 1161161161 11111102111111. 0161136801 116111 161161611 1133Ζ61616316
1111111. Α 11616368011 116111161611611 1011611 6 1116116116Ιό 0161101161 116-
108611111 63 11611111 6 11616113611631, 1118031, 016116261 63 11161166161
1616301111611 1611611611615 611111. Α 11616111626 6111611 11116 32180111
1611116161 ι1611 Β6631161, hogy 6 111611611611 0161101161 Τ6111631611161

“ « 6116111) 63 6 Β686·1“01161161 10161111 116 6118663611.

Az 01611368 11616111101163611611 1611111016 6 XVHI. 3262611
1011. Ez 6 1011611161 111681616226 11168, hogy 1111116111 ,1111011 6
10111611368 6 11168161· 6116111 1161611 1616111611 6Ζο11 6 1616161611, 6111611611
mgba 11ἐ68γ61368861 6811111 1611111, 62 111611111161 3261111161] 1616111
16 368 6. ’

Α 10111611 1611666111611, Ρ1111110131611 63 Ρο11111163011 6111611-
8613611, 1681 nem akarjaeik 1311161111 6261161 62 6116101161 63 1113-
161161 1611161161, 6111611611 111680336 1632111, 11081 6 10111611 616111 6
magyar 6116111 1161611 1616111611 116111 1011 6316116, 11611611] 326266011011
61 16116, kisebb-nagyobb csoportokban 1616 1161611601163 1111611
326Ρο1οε1011 61. Μ611603111 1686321101111611 6 (160161 1101111111111631102,

2*

