“ 168

1131313131 31131 33 38111331 1633163380113311 33 3111011όωί3 31131
111310311011 1381311111 J'oga szenvedne 33011131ς c) az 6llamseg6lyes.
131101311331 3 11138131 11131133 1331133116 11138131 161133311, 311101-
1113311331 33 f6ldraJ'zi tank6nyvek 113333313133311 enged6lyez6se-
(approb6ci6j6) az egyh6zak keze'b6l 6 1101313313113 menne 31,,

’ 3131 33131311 33 38111331 3310361313 330111113331 ,131331333ς d) az

131101311 31131111 311336133333311 k6re 3 13381316 31131101131 3331311311
33 38111331 113133 38011 ι]”08116133311 10133313 338103 111131133313-
111113) 1311133 33 3 1161313133, 11081 mindazokban 33 1311013111133,
amelyekben 3-13111116113311 1383131111 20⁰s0-a, magyar anyanyelvii,
3 11138131 31311 333113311 33313313 13131 3133011111 13331311 311131-
111331333311; f) ’celjesithetefflen 33 3 1161313133, 11081 3 11138131·
’ 31311 3 33111311013 3381 3136 31101131331133 oly 311131131 131111133-
3311 11081 3 1331113 803110131311 11138131 31311311 ’3111131633 1111133
kifejezni 33 11081113 3 tanim 3 3111311 33111 tudja 313131, 33311
3113113 1161313333813111333133311 1381311111 3133133 1381311 1311113316.

A 86168 1131311 1011133 3811133 16113113383 111131310333 13
311331 1081311 3 161133133133131 311311 33 3880113113311 1907 11131..
31113 7 -33 381 7,14]11113111131“ -ba foglaltan 31113 31 3 111. 1111. 131133--
3311630111313311811 13131331313311. ’

Α 86168 1131311 101333 1111311611611 3 1311333131 egyidejt'ien 3

101333 33133311 11013113 13 1081311103011 3 161133113133131131. Fel-
3331110113 3 10111311 3313331133811 0133388161331 113111133161131, 11081
3 33133131011 1318131333 311131133131 3 138333181111133111133 kiizdjess
3311 311333. Α31 13 311131310313, 11081 3 1011133 1611103383 13133316-
1131111313111133 3 ι13133131 31133 1111311036 3311811113331131 1311333311.
Ε 331181613331131 1338 13 1311011311 madenam, 31101 133 111όᾶ 33
311131013 1113311103011. Α korm6ny 3 816133311 111381311333 31133
3313331313 akad6lyoz6 1313311311331 3313 1311.
1311113 33011 3 113333(1311,11131131131 3 1131111331611331333 33 3111310111-
mal 3 1013311 331333113381 1131111331611 310311011311, 11381 13831011-
33801 011031311 3 13381310133381 103133338 1163611,33131111311 1338
1011 3 111383 visszhangja Rom6ni6ban 13.

Ez 1383101133801 3613113 33 3 1333111 t6rv6nyjavaslat 13,
3313151 3 33111311013111133 3116111113 33 eddig 1161313Ζὸ tandijfizete'st
3 331311 331 13 1111303110113, 11081 mindazok az iskolafenntarffi
hat6s6g0k‚ amelyek 3 13331] 311611333 1161311133131133 olyan 3613-
(1313131 133311311311 31, 3111311 33 1311013 133313113331103 3361133833,
33 31133311311 tandijj6vedelmet 6Hamsege'ly alakjaban megkaphat·
jak. Μ111133 33 311313338311 31108311333 3 1101133313311 bizonyos
1131011331 111310311011 33 13110131113, 31131 1311011311, 11081 ily 1116-
don 3 1131330331111 31131111 3113361333 313 jut6 131311333ἑί 101333 3311-
131101311 333313 3 16113351 313111313111313333311 1161311133131133 3613-
1131131 108 33 3 331101113133 13133 38113 szfikebbre 3301111 33 3131,
31331133 33 31131111 3113361333 1133133 3 10113333801113 3301111103131
183333 33311 131ῃί133113 1011.

