132

a Π1331111161110311 Μ38331013338011 313883 1133153115 33 3331333111 1101·-
138 116 3 1313311333161. 1Ῑ13301115, 3 33311 33 161 333156 1133011813 fid-
16361153, 1111111 3 1139311 33311311338311311 11383 13116331, 111 3131311311
dics& aggkorziban felemelbe 333131 33 3133031011 1561011 3111311311311
33 311111311 33 38333 33311 1131113315 3 33311 1111111113 1131311311 3 138-
melegebb 11ἅ163131315 33 leg6szint6bb 116336331315 1011113030115.
Β361113011113] 3831113311311 3 11383 01033 116, Το133103 13 fel-
31113113 333131 33 31111613803311 11313113 1111163611 111383310133381
1561338 3111311310311. Α3’ 6 1310131310131 11331011033, 3 111383310133381
161 3331111333311 (11. 111310υῷ03]σώ Dusdn 33 383 Skarvan 113111,
331111311 111383310133381 1615 01103 1011311. Β36111301115 Lederer 11138-
131113113113 33 Apponyi-f6le iskolai 161131133111131 33 330111131 3 3111-
113111131 13, 311131331131 3 113331 1615 1331011, 313630111311 3 Hodzsa
Milan 333111333133311311 111383313Πὸ „Slovensky Τ331131111111“ 1115311
1613. Β361113011 31611111 131113113331 b6vebben 33 11138 31333111) 11311-
8011 3 „Neue Freie Ρ1·3333“-1)311 1331313113 11138.
· Bj6rnson 1311131133311131 33 31116Ρ31 116313131113113 111383313113-
1133 113383131311311 1311131133311311 30111131 nagyobb ered1n6nyeket 3115
31 383 31113111 311801 11611311 Scottus Viator-nal( (Seton Watson
Robert William) 331311031315 33 133833131131133 11011311111 1136331313,

3111 1907-161 1911-18 38333 3010331315 11153 3 1113833131131133 116113- .

131111311. 111136 1011 3 1161131311 11636151 33 190 7-11311 1113833131115 „The
future of Α11315113-Η11118313“ (Α113315113-Μ38331013338 361633). Ε315
1161315153 1908-11311 3 ,,Ρο1111331 Ρ31333111510113 111 Η11118313“ 33 3
„Racial problems in Η11118313“ 33 1911 -ben 3,,0011111111011 and
reform in 1111118313Ἥὸ

Ηο83 1111113 136031333033111111311 33 311313111311 megbizhatdbb-
11311 111113 311 fel, 1031113313 3 1311111311315 33 33 1910- 1111 1313331330-
11011 33311131333311 13 111383313111, 11083 3 113111331133833 11ᾶ311311311
1310136 11138331· 13133313301131, mint 333111131111 3 1131333111311 1311111-
111311303113333. Ν3111 3138311311 11138 33331, 11083 3 131333133011315
111331613803311 1615 11311133113381 1316131311 131111111131130333, 113113111
1311111111311313183313 131153 61 10111311 11311133113381 1131613111311 13.

Ε 1161131310311 3 11138331 1313331όὶ 1313133311 1333131533,113
minden 13310311 3830111313 33 1833338131311 11113131 13183313 153113
33011 113111331316 1833113331131, 11083 331 3 11138 1381101111Ρ13111)
1313331561 313313333311 1111113333 fel. Κ61131311311 11301113 311133, hogy
6333311330111110113 101113 11133 113111331311 131333161 313313331131, 31113-
13311 1163111 3833111315 33111 1311317113 1531333311 11131113311311 mondani
33011161 3 1116311161, 31113133111131 111331613803311 33311 3 11138331 13-
1333161 31331331 13110133.Μ3813133111,11083 3 11138331· 1313331331 31-
331331 111331613803311 3 111111011 3316115311 33363311111 31133Ρο11133116111311
meg, 3111111561 131331103113Ρ311 111310113111036 1333110313133311 13 1133113.

Α 1101111ροί6 133313133 13333 111311 13131· ,a 33111133833 refor-
mokra. Erre 10113111036 13313831333111311 1111311316 pontja 33, 11083
3 reformoknak 33 3113131103 131333161 3081161 11311 kiindulnia 33
0133131311 1311111, 3111313111 3 monarchia 16ᾶ313111 3131311313331 fogja

